***** Eval results  *****
acc = 0.8916967509025271
eval_loss = 0.3352403936641557
***** Eval results  *****
acc = 0.8916967509025271
eval_loss = 0.3352403936641557
